
Round: 0
00000000
00000000
00000000
00000000
00000000
00000000
00000000
00000000

Valid moves for 1:
3, 3
3, 4
4, 3
4, 4

Player 1: 3, 3

After move by Player 1
00000000
00000000
00000000
00000000
00010000
00000000
00000000
00000000


Round: 1
00000000
00000000
00000000
00000000
00010000
00000000
00000000
00000000

Valid moves for 2:
3, 4
4, 3
4, 4

Player 2: 3, 4

After move by Player 2
00000000
00000000
00000000
00000000
00012000
00000000
00000000
00000000


Round: 2
00000000
00000000
00000000
00000000
00012000
00000000
00000000
00000000

Valid moves for 1:
4, 3
4, 4

Player 1: 4, 4

After move by Player 1
00000000
00000000
00000000
00001000
00012000
00000000
00000000
00000000


Round: 3
00000000
00000000
00000000
00001000
00012000
00000000
00000000
00000000

Valid moves for 2:
4, 3

Player 2: 4, 3

After move by Player 2
00000000
00000000
00000000
00021000
00012000
00000000
00000000
00000000


Round: 4
00000000
00000000
00000000
00021000
00012000
00000000
00000000
00000000

Valid moves for 1:
2, 4
3, 5
4, 2
5, 3

Player 1: 2, 4

After move by Player 1
00000000
00000000
00000000
00021000
00011000
00001000
00000000
00000000


Round: 5
00000000
00000000
00000000
00021000
00011000
00001000
00000000
00000000

Valid moves for 2:
2, 3
2, 5
4, 5

Player 2: 4, 5

After move by Player 2
00000000
00000000
00000000
00022200
00011000
00001000
00000000
00000000


Round: 6
00000000
00000000
00000000
00022200
00011000
00001000
00000000
00000000

Valid moves for 1:
5, 2
5, 3
5, 4
5, 5
5, 6

Player 1: 5, 2

After move by Player 1
00000000
00000000
00100000
00012200
00011000
00001000
00000000
00000000


Round: 7
00000000
00000000
00100000
00012200
00011000
00001000
00000000
00000000

Valid moves for 2:
1, 4
2, 2
2, 3
4, 2

Player 2: 4, 2

After move by Player 2
00000000
00000000
00100000
00222200
00011000
00001000
00000000
00000000


Round: 8
00000000
00000000
00100000
00222200
00011000
00001000
00000000
00000000

Valid moves for 1:
3, 2
5, 1
5, 3
5, 4
5, 5
5, 6

Player 1: 5, 1

After move by Player 1
00000000
00000000
01100000
00122200
00011000
00001000
00000000
00000000


Round: 9
00000000
00000000
01100000
00122200
00011000
00001000
00000000
00000000

Valid moves for 2:
1, 4
2, 2
2, 3
2, 5
4, 1
6, 1

Player 2: 4, 1

After move by Player 2
00000000
00000000
01100000
02222200
00011000
00001000
00000000
00000000


Round: 10
00000000
00000000
01100000
02222200
00011000
00001000
00000000
00000000

Valid moves for 1:
3, 0
3, 1
3, 2
5, 3
5, 4
5, 5
5, 6

Player 1: 5, 6

After move by Player 1
00000000
00000000
01100010
02222100
00011000
00001000
00000000
00000000


Round: 11
00000000
00000000
01100010
02222100
00011000
00001000
00000000
00000000

Valid moves for 2:
1, 4
1, 5
2, 2
2, 3
2, 5
4, 6
6, 0
6, 1
6, 2
6, 3

Player 2: 6, 3

After move by Player 2
00000000
00020000
01200010
02222100
00011000
00001000
00000000
00000000


Round: 12
00000000
00020000
01200010
02222100
00011000
00001000
00000000
00000000

Valid moves for 1:
3, 1
4, 0
5, 3
5, 4
5, 5
6, 1

Player 1: 5, 3

After move by Player 1
00000000
00020000
01110010
02212100
00011000
00001000
00000000
00000000


Round: 13
00000000
00020000
01110010
02212100
00011000
00001000
00000000
00000000

Valid moves for 2:
1, 4
1, 5
2, 2
2, 3
4, 6
6, 0
6, 1
6, 2
6, 4

Player 2: 6, 4

After move by Player 2
00000000
00022000
01120010
02212100
00011000
00001000
00000000
00000000


Round: 14
00000000
00022000
01120010
02212100
00011000
00001000
00000000
00000000

Valid moves for 1:
3, 0
3, 1
3, 2
4, 0
5, 4
5, 5
7, 3
7, 4

Player 1: 7, 3

After move by Player 1
00010000
00012000
01110010
02212100
00011000
00001000
00000000
00000000


Round: 15
00010000
00012000
01110010
02212100
00011000
00001000
00000000
00000000

Valid moves for 2:
1, 4
1, 5
2, 2
4, 6
6, 0
6, 1
6, 2
7, 4

Player 2: 7, 4

After move by Player 2
00012000
00022000
01210010
02212100
00011000
00001000
00000000
00000000


Round: 16
00012000
00022000
01210010
02212100
00011000
00001000
00000000
00000000

Valid moves for 1:
3, 1
3, 5
4, 0
5, 4
5, 5
6, 1
7, 5

Player 1: 7, 5

After move by Player 1
00011100
00021000
01210010
02212100
00011000
00001000
00000000
00000000


Round: 17
00011100
00021000
01210010
02212100
00011000
00001000
00000000
00000000

Valid moves for 2:
1, 4
1, 5
2, 2
2, 3
2, 5
4, 6
5, 0
5, 4
6, 0
6, 1
6, 2
6, 5

Player 2: 6, 5

After move by Player 2
00011100
00022200
01210010
02212100
00011000
00001000
00000000
00000000


Round: 18
00011100
00022200
01210010
02212100
00011000
00001000
00000000
00000000

Valid moves for 1:
3, 0
3, 1
3, 5
4, 0
5, 4
5, 5
6, 1

Player 1: 5, 5

After move by Player 1
00011100
00021100
01210110
02211100
00011000
00001000
00000000
00000000


Round: 19
00011100
00021100
01210110
02211100
00011000
00001000
00000000
00000000

Valid moves for 2:
1, 5
2, 3
2, 5
4, 6
5, 0
5, 4
6, 0
6, 1
6, 6

Player 2: 6, 1

After move by Player 2
00011100
02021100
02210110
02211100
00011000
00001000
00000000
00000000


Round: 20
00011100
02021100
02210110
02211100
00011000
00001000
00000000
00000000

Valid moves for 1:
3, 0
3, 1
4, 0
5, 0
6, 0
6, 2
7, 0

Player 1: 7, 0

After move by Player 1
10011100
01021100
02110110
02211100
00011000
00001000
00000000
00000000


Round: 21
10011100
01021100
02110110
02211100
00011000
00001000
00000000
00000000

Valid moves for 2:
1, 5
2, 3
4, 6
5, 4
6, 2
6, 6
7, 1

Player 2: 7, 1

After move by Player 2
12011100
02021100
02110110
02211100
00011000
00001000
00000000
00000000


Round: 22
12011100
02021100
02110110
02211100
00011000
00001000
00000000
00000000

Valid moves for 1:
3, 0
3, 1
3, 2
4, 0
5, 0
6, 0
6, 2
7, 2

Player 1: 7, 2

After move by Player 1
11111100
02021100
02110110
02211100
00011000
00001000
00000000
00000000


Round: 23
11111100
02021100
02110110
02211100
00011000
00001000
00000000
00000000

Valid moves for 2:
1, 5
2, 3
2, 5
4, 6
5, 4
6, 2
6, 6

Player 2: 6, 6

After move by Player 2
11111100
02022220
02110110
02211100
00011000
00001000
00000000
00000000


Round: 24
11111100
02022220
02110110
02211100
00011000
00001000
00000000
00000000

Valid moves for 1:
3, 0
3, 1
3, 2
4, 0
5, 0
5, 4
5, 7
6, 0
7, 6
7, 7

Player 1: 6, 0

After move by Player 1
11111100
12022220
01110110
02111100
00011000
00001000
00000000
00000000


Round: 25
11111100
12022220
01110110
02111100
00011000
00001000
00000000
00000000

Valid moves for 2:
2, 2
2, 3
2, 5
3, 1
3, 5
4, 6
4, 7

Player 2: 4, 7

After move by Player 2
11111100
12022220
01110120
02111102
00011000
00001000
00000000
00000000


Round: 26
11111100
12022220
01110120
02111102
00011000
00001000
00000000
00000000

Valid moves for 1:
3, 0
3, 1
4, 0
5, 0
5, 4
5, 7
6, 2
6, 7
7, 7

Player 1: 7, 7

After move by Player 1
11111101
12022210
01110120
02111102
00011000
00001000
00000000
00000000


Round: 27
11111101
12022210
01110120
02111102
00011000
00001000
00000000
00000000

Valid moves for 2:
2, 3
2, 5
3, 1
3, 5
4, 6
5, 4
6, 7
7, 6

Player 2: 7, 6

After move by Player 2
11111121
12022220
01110120
02111102
00011000
00001000
00000000
00000000


Round: 28
11111121
12022220
01110120
02111102
00011000
00001000
00000000
00000000

Valid moves for 1:
3, 0
3, 1
4, 0
5, 0
5, 4
5, 7
6, 2
6, 7

Player 1: 6, 2

After move by Player 1
11111121
11122220
01110120
02111102
00011000
00001000
00000000
00000000


Round: 29
11111121
11122220
01110120
02111102
00011000
00001000
00000000
00000000

Valid moves for 2:
2, 2
2, 3
3, 1
3, 5
4, 6
5, 4

Player 2: 5, 4

After move by Player 2
11111121
11122220
01112220
02111102
00011000
00001000
00000000
00000000


Round: 30
11111121
11122220
01112220
02111102
00011000
00001000
00000000
00000000

Valid moves for 1:
3, 0
3, 1
4, 0
4, 6
5, 7
6, 7

Player 1: 6, 7

After move by Player 1
11111121
11111111
01112210
02111102
00011000
00001000
00000000
00000000


Round: 31
11111121
11111111
01112210
02111102
00011000
00001000
00000000
00000000

Valid moves for 2:
1, 4
2, 2
3, 2
3, 5
3, 6
4, 6
5, 0
5, 7

Player 2: 5, 7

After move by Player 2
11111121
11111111
01112222
02111102
00011000
00001000
00000000
00000000


Round: 32
11111121
11111111
01112222
02111102
00011000
00001000
00000000
00000000

Valid moves for 1:
3, 0
3, 1
3, 7
4, 0
4, 6

Player 1: 3, 1

After move by Player 1
11111121
11111111
01112222
01111102
01011000
00001000
00000000
00000000


Round: 33
11111121
11111111
01112222
01111102
01011000
00001000
00000000
00000000

Valid moves for 2:
1, 4
2, 2
2, 3
3, 2
3, 5
3, 6
5, 0

Player 2: 5, 0

After move by Player 2
11111121
11111111
22222222
01111102
01011000
00001000
00000000
00000000


Round: 34
11111121
11111111
22222222
01111102
01011000
00001000
00000000
00000000

Valid moves for 1:
3, 7
4, 0
4, 6

Player 1: 4, 0

After move by Player 1
11111121
11111111
11222222
11111102
01011000
00001000
00000000
00000000


Round: 35
11111121
11111111
11222222
11111102
01011000
00001000
00000000
00000000

Valid moves for 2:
1, 4
2, 0
2, 2
2, 3
2, 5
3, 0
3, 2
3, 5
3, 6

Player 2: 3, 6

After move by Player 2
11111121
11111111
11222222
11111202
01011020
00001000
00000000
00000000


Round: 36
11111121
11111111
11222222
11111202
01011020
00001000
00000000
00000000

Valid moves for 1:
2, 7
3, 5
3, 7
4, 6

Player 1: 3, 5

After move by Player 1
11111121
11111111
11222122
11111102
01011120
00001000
00000000
00000000


Round: 37
11111121
11111111
11222122
11111102
01011120
00001000
00000000
00000000

Valid moves for 2:
1, 4
2, 0
2, 3
2, 5
2, 6
3, 0
3, 2

Player 2: 3, 2

After move by Player 2
11111121
11111111
11222122
11221102
01222220
00001000
00000000
00000000


Round: 38
11111121
11111111
11222122
11221102
01222220
00001000
00000000
00000000

Valid moves for 1:
2, 1
2, 2
2, 3
2, 5
2, 6
2, 7
3, 7
4, 6

Player 1: 2, 2

After move by Player 1
11111121
11111111
11122122
11121102
01112220
00101000
00000000
00000000


Round: 39
11111121
11111111
11122122
11121102
01112220
00101000
00000000
00000000

Valid moves for 2:
1, 3
1, 4
2, 0
2, 1
2, 3
3, 0
4, 6

Player 2: 4, 6

After move by Player 2
11111121
11111111
11122122
11122222
01112220
00101000
00000000
00000000


Round: 40
11111121
11111111
11122122
11122222
01112220
00101000
00000000
00000000

Valid moves for 1:
2, 3
2, 5
2, 6
2, 7
3, 7

Player 1: 2, 6

After move by Player 1
11111121
11111111
11112112
11121212
01112110
00101010
00000000
00000000


Round: 41
11111121
11111111
11112112
11121212
01112110
00101010
00000000
00000000

Valid moves for 2:
1, 3
1, 4
1, 6
2, 1
2, 3
2, 5
2, 7
3, 0
3, 7

Player 2: 3, 7

After move by Player 2
11111121
11111111
11112112
11121212
01112222
00101010
00000000
00000000


Round: 42
11111121
11111111
11112112
11121212
01112222
00101010
00000000
00000000

Valid moves for 1:
2, 3
2, 5
2, 7

Player 1: 2, 3

After move by Player 1
11111121
11111111
11112112
11121112
01111222
00111010
00000000
00000000


Round: 43
11111121
11111111
11112112
11121112
01111222
00111010
00000000
00000000

Valid moves for 2:
1, 3
1, 4
1, 5
1, 6
1, 7
2, 1
2, 5
3, 0

Player 2: 3, 0

After move by Player 2
11111121
11111111
11112112
11121112
22222222
00111010
00000000
00000000


Round: 44
11111121
11111111
11112112
11121112
22222222
00111010
00000000
00000000

Valid moves for 1:
2, 0
2, 1
2, 5
2, 7

Player 1: 2, 0

After move by Player 1
11111121
11111111
11112112
11121112
11222222
10111010
00000000
00000000


Round: 45
11111121
11111111
11112112
11121112
11222222
10111010
00000000
00000000

Valid moves for 2:
1, 1
1, 2
1, 3
1, 4
1, 5
1, 6
1, 7

Player 2: 1, 7

After move by Player 2
11111121
11111111
11112112
11121112
11222222
10111020
00000002
00000000


Round: 46
11111121
11111111
11112112
11121112
11222222
10111020
00000002
00000000

Valid moves for 1:
1, 6
2, 1
2, 5
2, 7

Player 1: 1, 6

After move by Player 1
11111121
11111111
11112112
11121112
11222212
10111010
00000012
00000000


Round: 47
11111121
11111111
11112112
11121112
11222212
10111010
00000012
00000000

Valid moves for 2:
0, 6
1, 1
1, 2
1, 3
1, 4
1, 5
2, 5
2, 7

Player 2: 2, 7

After move by Player 2
11111121
11111111
11112112
11121212
11222222
10111012
00000012
00000000


Round: 48
11111121
11111111
11112112
11121212
11222222
10111012
00000012
00000000

Valid moves for 1:
0, 7
2, 1
2, 5

Player 1: 0, 7

After move by Player 1
11111121
11111111
11112111
11121211
11222221
10111011
00000011
00000001


Round: 49
11111121
11111111
11112111
11121211
11222221
10111011
00000011
00000001

Valid moves for 2:
0, 6
1, 1
1, 2
1, 3
1, 4
1, 5

Player 2: 1, 5

After move by Player 2
11111121
11111111
11112111
11121211
11222221
10112011
00000211
00000001


Round: 50
11111121
11111111
11112111
11121211
11222221
10112011
00000211
00000001

Valid moves for 1:
0, 4
0, 6
1, 3
1, 4
2, 1
2, 5

Player 1: 0, 6

After move by Player 1
11111121
11111111
11112111
11121211
11212221
10111011
00000111
00000011


Round: 51
11111121
11111111
11112111
11121211
11212221
10111011
00000111
00000011

Valid moves for 2:
1, 2
1, 3
1, 4

Player 2: 1, 2

After move by Player 2
11111121
11111111
11112111
11121211
11212221
10221011
00200111
00000011


Round: 52
11111121
11111111
11112111
11121211
11212221
10221011
00200111
00000011

Valid moves for 1:
0, 1
0, 2
1, 1
1, 3
1, 4
2, 1
2, 5

Player 1: 0, 2

After move by Player 1
11111121
11111111
11112111
11121211
11112221
10121011
00100111
00100011


Round: 53
11111121
11111111
11112111
11121211
11112221
10121011
00100111
00100011

Valid moves for 2:
0, 1
1, 3
1, 4
2, 1
2, 5

Player 2: 1, 4

After move by Player 2
11111121
11111111
11112111
11121211
11112221
10122011
00102111
00100011


Round: 54
11111121
11111111
11112111
11121211
11112221
10122011
00102111
00100011

Valid moves for 1:
0, 4
0, 5
1, 3
2, 5

Player 1: 2, 5

After move by Player 1
11111121
11111111
11112111
11111111
11111111
10111111
00102111
00100011


Round: 55
11111121
11111111
11112111
11111111
11111111
10111111
00102111
00100011

Valid moves for 2:
2, 1

Player 2: 2, 1

After move by Player 2
11111121
11111111
11112111
11121111
11211111
12111111
00102111
00100011


Round: 56
11111121
11111111
11112111
11121111
11211111
12111111
00102111
00100011

Valid moves for 1:
0, 3
0, 4
0, 5
1, 0
1, 1
1, 3

Player 1: 1, 0

After move by Player 1
11111121
11111111
11111111
11111111
11111111
11111111
10102111
00100011


Round: 57
11111121
11111111
11111111
11111111
11111111
11111111
10102111
00100011

Valid moves for 2:

Player 2 can't move

Round: 57
11111121
11111111
11111111
11111111
11111111
11111111
10102111
00100011

Valid moves for 1:
0, 3
0, 4
0, 5
1, 3

Player 1: 0, 3

After move by Player 1
11111121
11111111
11111111
11111111
11111111
11111111
10101111
00110011


Round: 58
11111121
11111111
11111111
11111111
11111111
11111111
10101111
00110011

Valid moves for 2:

Player 2 can't move

Round: 58
11111121
11111111
11111111
11111111
11111111
11111111
10101111
00110011

Valid moves for 1:

Player 1 can't move

Black: 63
White: 1

